201 360
202 540
102 960
104 540
108 420
112 120
114 90
0 241 86 184 254 295 244 
241 0 205 250 276 288 101 
86 205 0 163 248 252 242 
184 250 163 0 213 235 302 
254 276 248 213 0 96 328 
295 288 252 235 96 0 336 
244 101 242 302 328 336 0 
